time,x,y,z,phi,theta,psi,x_velocity,y_velocity,z_velocity,phi_velocity,theta_velocity,psi_velocity,rotor_speed1,rotor_speed2,rotor_speed3,rotor_speed4
0.06,-4.88165338378e-08,3.14536183789e-06,10.0104165172,0.00073766424044,6.28317344629,0.0,-1.82421781435e-06,0.000195609311157,0.347176790703,0.0082847633639,-0.00132839203549,0.0,509.46832092791686,509.37335986918276,508.9448045196494,509.53726612102946
0.12000000000000001,-2.3738986504e-06,3.17130561344e-05,10.0303518353,0.00200238462275,0.00059979027784,0.0,-0.000134908782463,0.000870347808973,0.317342772202,-0.00258764051503,-0.0117154406616,0.0,394.2077366184977,393.24698058417556,394.1498475031466,393.14384451385644
0.18,-2.24265051456e-05,0.000189026573795,10.0570525616,0.0130010605803,6.28307134308,0.0,-0.000446216643231,0.00579520977045,0.572580085819,-0.0403924811901,-0.0132905072469,0.0,482.7976276276874,482.6789290532969,486.27833870374235,483.43859348836867
0.23999999999999996,-4.40361277099e-05,0.000808718122447,10.0934777923,0.0176826889687,6.28226828285,0.0,-0.0001961948268,0.0152895262062,0.641551334753,-0.0123682982773,-0.0136161846153,0.0,426.75317221893874,426.725484113176,426.7021146976399,429.0870293103913
0.3,-3.71479552234e-05,0.00209944092881,10.1345606061,0.0213680883246,6.28208446619,0.0,0.000434128910232,0.0281263602685,0.727816722486,-0.0366495297315,-0.0236150194481,0.0,434.5120206128404,433.67315599804374,432.92702610740633,430.8793928682712
0.36000000000000004,1.62580739991e-05,0.00427687023812,10.1820154006,0.0298690247625,6.28125798459,0.0,0.0014412131972,0.0453159894666,0.853902289262,-0.00199675180288,-0.0163127124864,0.0,445.9425252781783,446.53853346308887,443.79123831316906,446.62592237937633
0.4200000000000001,0.00014199826146,0.00760396418742,10.2358142239,0.0311077645657,6.28134777891,0.0,0.00275120123549,0.0656970182868,0.939321202337,0.00962770437005,-0.00612559483226,0.0,433.01823925216394,433.8743585318941,432.2751620609952,433.2534618878514
0.48000000000000015,0.000341654292069,0.0123302559403,10.2994619587,0.0326974240311,0.000894122557382,0.0,0.0035895391554,0.0920496981011,1.1820435767,-0.00265736241633,0.0119965280174,0.0,479.3809254578879,480.7558291778749,482.55567034445755,481.62744273936124
0.5400000000000001,0.000529122971528,0.0184961557401,10.3722691212,0.0339445283295,0.0035110140226,0.0,0.00239111373519,0.113586524222,1.24479038375,0.00918973901635,-0.00433922953087,0.0,427.0948723807398,425.6993876465988,426.0051301226785,427.01681975477277
0.6000000000000002,0.000587416760076,0.0260213140023,10.4499563016,0.0359843371135,0.00646898338606,0.0,-0.000770679259963,0.137470504384,1.34465942861,-0.0054285208914,-0.0252277817104,0.0,439.2801769534033,437.544856003561,439.2980313368101,438.08426464193104
0.6600000000000003,0.000401569859797,0.0350935569497,10.5352532966,0.0409948705449,0.00524026578673,0.0,-0.00529571935355,0.165510093613,1.49836148105,-0.0319621106368,-0.0323973429468,0.0,455.72639588807846,455.15284485130996,456.7708069752925,454.6501393234661
0.7200000000000003,-2.94068112861e-05,0.0459182659158,10.6294968133,0.0390925717275,0.00491772614547,0.0,-0.00902020513644,0.195097042477,1.64289940988,-0.0313479574177,-0.0195975967633,0.0,452.83978394258594,453.86794050855445,453.03083310345994,453.079865583408
0.7800000000000004,-0.000670779969404,0.0583946105052,10.7302009614,0.0381647374059,0.00591390472515,0.0,-0.0124411067438,0.220696714461,1.713802847,-0.0433094382828,-0.00460861369748,0.0,429.9731204044325,431.24108440053055,430.7632487346458,429.75003074158684
0.8400000000000004,-0.00156205320677,0.0725660408861,10.8400529625,0.0356173556162,0.00563054116923,0.0,-0.0172318077535,0.251356475927,1.94757217252,-0.0417559976722,-0.00502225815325,0.0,479.9617863582542,479.93048220561593,480.84381114852323,480.96061452587776
0.9000000000000005,-0.00275922028964,0.0884208659945,10.9612734105,0.0331342200561,0.0146787466085,0.0,-0.0236936993026,0.27686005267,2.09285374999,-0.0449829167208,-0.0397392373957,0.0,456.2673111647364,453.48732373739483,454.9350079743735,454.6756043910769
0.9600000000000005,-0.00440987611093,0.105556512152,11.085110551,0.0322134496011,0.0128795524535,0.0,-0.0311956556875,0.294269958276,2.03515903187,-0.0608401249303,-0.0494046861927,0.0,388.68792301312817,387.77975236544245,389.24797960383785,387.7592105095837
1.0200000000000005,-0.00655172267875,0.123915544336,11.2114330935,0.032602865372,0.00993114817974,0.0,-0.0398809824182,0.317707498087,2.17533709529,-0.0399900488634,-0.0524341534257,0.0,453.33980581238944,453.0947746625306,453.12988959055986,454.80094496052743
1.0800000000000005,-0.00924646283217,0.143753666066,11.3483248723,0.0311757108459,0.0233685449096,0.0,-0.0515874330401,0.343391785996,2.38728267031,-0.0520581444157,-0.0982602699357,0.0,478.2047325105021,474.698038089307,475.32604066261626,474.3993718133516
1.1400000000000006,-0.0128379572857,0.165034534605,11.4961227601,0.0281802149823,0.0176150905658,0.0,-0.0674968542521,0.365626541866,2.53901151323,-0.049159673713,-0.103762180326,0.0,458.532590022967,458.08699613926035,458.73895711786184,458.96747131046277
1.2000000000000006,-0.0172202392218,0.187537206479,11.6509811469,0.0278609094011,0.0113873523371,0.0,-0.0779583050163,0.384442683016,2.62275475245,-0.0681665599999,-0.106058627303,0.0,438.33150059980875,438.13091490918714,438.7648849632761,437.18192745874376
1.2600000000000007,-0.0222132429577,0.21127146274,11.8153974499,0.024061244599,0.0194404364346,0.0,-0.0894013334744,0.406226197792,2.85723115993,-0.075390310969,-0.065648717131,0.0,482.0776671263794,485.1148662628176,484.7951803450027,484.2487440003014
1.3200000000000007,-0.0280302879645,0.23620457701,11.9932115156,0.0210607300907,0.0162984168763,0.0,-0.104107437377,0.424491522189,3.06937544733,-0.0630190976623,-0.0569967115673,0.0,478.0817723891974,478.7379920229481,478.5394552012422,479.47672022737186
1.3800000000000008,-0.034571853482,0.262050220565,12.1782928569,0.0183820963526,0.0141918124956,0.0,-0.113740177275,0.436770183219,3.09993032299,-0.052654750521,-0.0455865264974,0.0,423.1175741354318,424.0967601296785,423.33349599834736,424.22171410901757
1.4400000000000008,-0.0416779904291,0.28860146148,12.3662737275,0.0156984199542,0.0145989939007,0.0,-0.123188328003,0.447998609998,3.16592347925,-0.0462056112008,-0.0662425578525,0.0,435.74399182050956,434.01184572438797,435.58527633071094,436.12260532856106
1.5000000000000009,-0.0493220277715,0.315744743836,12.5562400775,0.0132800012347,0.012643127202,0.0,-0.131457506918,0.456570725735,3.166294696,-0.0540324120729,-0.0830533619899,0.0,414.7692056393353,413.28569443287915,414.7133392480709,414.0236025279896
1.560000000000001,-0.0574401187108,0.343434853021,12.7481527057,0.0256481839039,0.00774697747553,0.0,-0.138675148317,0.467590402948,3.23058557695,-0.0119353294488,-0.0877017187923,0.0,434.40119669338173,434.00516575393505,434.44833197127787,437.9628779220557
1.620000000000001,-0.0659053697568,0.372034237729,12.9450481401,0.0308663521548,0.00329731973593,0.0,-0.143055161775,0.486222056121,3.33228743486,0.013577150361,-0.098848893108,0.0,448.02049219243025,447.1062416205446,446.36152342250904,448.43880463506065
1.680000000000001,-0.0745359254613,0.401847749346,13.1481481934,0.0317766646895,6.28064819541,0.0,-0.144035832719,0.507640735189,3.43740081251,0.0159718534571,-0.10365810519,0.0,449.21645908693534,448.8176957740384,449.26603276229287,449.4600492309512
1.740000000000001,-0.0831150809347,0.432917843642,13.3559996403,0.0332448900317,6.27617043375,0.0,-0.141526513192,0.528169911426,3.49081048501,0.0068579389166,-0.119365652805,0.0,434.46574219040497,433.13590998452315,433.59748142038137,432.83099662974627
1.8000000000000012,-0.0914650726782,0.465294977506,13.5678239442,0.0411178325684,6.27604310798,0.0,-0.136768563585,0.551810009828,3.56971678976,0.0356047829355,-0.0914872493726,0.0,441.01434002226875,443.30034503997155,440.7152322734167,443.08498367665374
1.8600000000000012,-0.0995352319581,0.499139046626,13.7822162993,0.0432434251674,6.27351004104,0.0,-0.131998170094,0.576510680528,3.57665890345,0.0340082418488,-0.0738150206799,0.0,418.67743415278835,420.20575457710106,419.19978777163004,419.0616328656151
1.9200000000000013,-0.107250018403,0.534600578353,13.9990526963,0.0476407424327,6.26997449782,0.0,-0.124807934117,0.605977372589,3.65095340717,0.0159481333896,-0.0645922088402,0.0,441.0533830510695,441.8106093445936,441.8238881332525,440.3325412480379
1.9800000000000013,-0.11447246631,0.571868858096,14.219617858,0.0486038543773,6.26609074424,0.0,-0.115575775302,0.636379814493,3.70104327635,0.0132692642186,-0.0651185005789,0.0,433.05727080015146,433.0097921931633,435.2460913259417,435.021721515987
2.0400000000000014,-0.121104540343,0.610878721851,14.4411452893,0.0495273542211,6.26258759093,0.0,-0.105202992641,0.664022334283,3.68324917993,0.0161584085546,-0.0733840244054,0.0,412.8786658813681,412.14486690484154,411.4309653775797,411.686608235388
2.1000000000000014,-0.12695350761,0.651788776263,14.6661569497,0.0505091759652,6.25818753906,0.0,-0.0893041593752,0.699723057535,3.81668095701,0.0166666320375,-0.0759260576008,0.0,459.9002211249708,459.6947196152049,461.0411342372879,461.08118888044896
2.1600000000000015,-0.13171953451,0.694974512325,14.9006258775,0.0612045703554,6.2545847288,0.0,-0.0691822939526,0.740951135475,3.99823203442,0.0495969666377,-0.0878862672127,0.0,475.87719711305954,474.95606397977485,474.9129726865019,477.43245892161156
2.2200000000000015,-0.135198832901,0.740830241993,15.1455752213,0.0650212224929,6.24931651575,0.0,-0.0462247746219,0.787970036358,4.16608617967,0.0382803604347,-0.0905140178559,0.0,474.1060760039986,473.898100198989,472.7979595396006,471.9263131883432
2.2800000000000016,-0.137230553949,0.789623453715,15.4011614137,0.0674400204597,6.26097904901,0.0,-0.02280919677,0.838694118991,4.35275348467,0.0410898533921,-0.0464083477053,0.0,478.16787692710886,481.5121641654594,480.0476602227252,480.26146019043017
2.3400000000000016,-0.138196879977,0.841192121758,15.6627260725,0.0796583424327,6.26046028387,0.0,-0.00937268154921,0.881317852026,4.36590465655,0.0741210067093,-0.064141312084,0.0,428.27454344515735,426.7615107965691,426.9938735850864,429.80478441010797
2.4000000000000017,-0.138410676306,0.895507968668,15.9245772807,0.0944834316485,6.2754139265,0.0,0.000903978160014,0.930468554206,4.36234918042,0.108230246624,-0.112857022913,0.0,424.9867524635841,420.78419148409483,421.307088968418,424.2528108397044
2.4600000000000017,-0.138195026417,0.953066227473,16.1867490862,0.102647649923,6.26954227294,0.0,0.00681816509859,0.988843972257,4.37654467126,0.121238319193,-0.103597628045,0.0,428.71242311937647,429.48743377862485,428.2655227370828,429.38240541429946
2.520000000000002,-0.137500539209,1.01440251385,16.4509854386,0.110906573266,6.26387271967,0.0,0.0168767551486,1.05644339344,4.43098875925,0.130973537211,-0.0966130414533,0.0,442.5218767282441,443.0875987475844,441.45398336330993,442.2708141180641
2.580000000000002,-0.136070070832,1.08007716237,16.7195778589,0.118777466878,6.25818507097,0.0,0.0313749748626,1.13345185739,4.52158186889,0.128058099789,-0.0940008401079,0.0,454.27681445668566,454.478663905486,454.588093922952,454.3694709152517
2.640000000000002,-0.133690901116,1.15042702563,16.9924587502,0.134930777129,6.25504211601,0.0,0.0482391101866,1.21307396997,4.57395563798,0.0949540469834,-0.0778493745032,0.0,442.7605344383703,444.0809493949405,445.13160715063475,442.42638727844997
2.700000000000002,-0.130258613124,1.22573795704,17.2677444778,0.142843480292,6.25162726202,0.0,0.0664902100778,1.29799310958,4.60194390099,0.0774042807418,-0.0667139433921,0.0,436.446551143399,437.37066885710925,437.33448471119186,435.8768910099765
2.760000000000002,-0.125660087546,1.3063188295,17.5449784793,0.147957105095,6.24878825857,0.0,0.087062700621,1.38845536467,4.63889560506,0.0838041382927,-0.05603573096,0.0,439.8534975780837,440.73410467379716,439.93418342709225,440.4689836401404
2.820000000000002,-0.119746710515,1.39260932925,17.8255161568,0.158859506724,6.24879146527,0.0,0.110014910998,1.48892041939,4.71179591065,0.05602663726,-0.0773677449013,0.0,452.9762527568765,451.25447311523413,453.72398348114945,451.49242060875054
2.880000000000002,-0.112518067557,1.48477281623,18.1082362993,0.164415467912,6.24494946649,0.0,0.13126643673,1.58366092991,4.7120344333,0.0385547757157,-0.0884398804358,0.0,430.42548610778,429.48173307244656,431.0956176041088,429.61823487823534
2.940000000000002,-0.103974560761,1.58256572571,18.3900898605,0.169136062608,6.23963529342,0.0,0.153963558146,1.67646071716,4.68304575528,0.0543932424507,-0.0903529897195,0.0,420.68185808112645,420.5090366049812,420.2710891262347,421.64306971337834
3.000000000000002,-0.0937983358851,1.68673635188,18.6743232935,0.179638648458,6.23580005795,0.0,0.185602994686,1.79688773312,4.79060965334,0.0236952171215,-0.105401142401,0.0,465.94445655679743,464.75906666975317,465.4999610210722,463.0923103384784
3.0600000000000023,-0.0815826955244,1.79854692681,18.9662709197,0.181407956046,6.23340701307,0.0,0.221836279667,1.93014196315,4.94017306766,0.0290641018419,-0.0848494293517,0.0,478.0623595317526,479.618372527526,478.91355968806397,479.32186568495223
3.1200000000000023,-0.067502020679,1.91707046093,19.2600339216,0.183146540505,6.22986748662,0.0,0.247811352704,2.02078492184,4.85219611766,0.0287633701855,-0.0723527123882,0.0,403.9019544641766,405.02168132845395,403.5696518364965,403.542835747701
3.1800000000000024,-0.0516062491014,2.04183627297,19.552745925,0.185012609859,6.23496577757,0.0,0.281568737437,2.13815599204,4.90452730197,0.0232886385872,-0.0398755582357,0.0,448.82304935706645,451.44887333558455,450.5944266913944,450.1517148176719
3.2400000000000024,-0.0338463111663,2.17347534338,19.847489475,0.18970471998,6.24138125782,0.0,0.309803906044,2.25018148022,4.92001828528,0.00216837834383,-0.0736089429047,0.0,441.27964493773186,438.48393577188637,439.4146983992198,437.66002872125125
3.3000000000000025,-0.0144958796996,2.31180076195,20.1426173075,0.192269023069,6.23722251275,0.0,0.335577178438,2.36080170103,4.91742619935,0.0181015247162,-0.0691193892352,0.0,433.3526614039482,433.72578787810244,433.40629981824316,434.7435111052649
3.3600000000000025,0.00651486525076,2.45697907695,20.4384580097,0.197003076902,6.23381454695,0.0,0.365091903736,2.4788264001,4.94357819345,-0.0040554680607,-0.0608253338917,0.0,443.50514910755516,444.1826760252624,444.1768258031762,442.35562845995656
3.4200000000000026,0.0296493298217,2.61046037159,20.7414969985,0.205105737377,6.23015429122,0.0,0.40643659192,2.63785782973,5.15634187894,0.0264140853162,-0.0624162907112,0.0,500.97297751370405,500.8550419889124,499.7445190249754,501.9607882441646
3.4800000000000026,0.0548686162216,2.77185755357,21.0484847509,0.222017101998,6.22768439293,0.0,0.434392675246,2.74330315975,5.07645728085,0.0681163486931,-0.0760445064356,0.0,412.8075845253668,411.5992501595396,409.9562271547867,413.6469854882742
3.5400000000000027,0.0819938269834,2.94056610467,21.3540034821,0.226670788912,6.22605254569,0.0,0.469894925416,2.88061111986,5.10707697065,0.0585825564971,-0.0960370378214,0.0,449.42806105721525,447.7988859246699,449.94611272085154,449.1765361319232
3.6000000000000028,0.111061138456,3.11667964583,21.6574362718,0.230858723371,6.22078421167,0.0,0.499429470201,2.99013227374,5.00757566373,0.0664485348975,-0.0894461018434,0.0,406.1472784042776,406.7297517632577,405.5660318737856,406.2751345919301
3.660000000000003,0.142325225723,3.30073359096,21.9602354323,0.249341093062,6.21633915226,0.0,0.543097749277,3.14666863387,5.08455864773,0.0235242009085,-0.101231877199,0.0,464.73873016485095,463.8068926530871,466.54890213378366,463.1865917911288
3.720000000000003,0.176103778111,3.49374069069,22.2646760641,0.252082298527,6.21025683499,0.0,0.583370757735,3.28701698525,5.06327780607,0.00963514683433,-0.10309056271,0.0,435.51904949269664,435.35430690462283,435.2281104225313,434.06384235310964
3.780000000000003,0.212776554348,3.69643945145,22.5726698362,0.253539925303,6.20408831079,0.0,0.639665000036,3.46942544548,5.20219090854,-0.00190802753972,-0.1061542157,0.0,486.194839314946,485.95678291631157,486.2131438597074,485.34733476544477
3.840000000000003,0.252858789327,3.90981750687,22.8877085838,0.268153157617,6.19866276912,0.0,0.696912692982,3.64441475875,5.29779881695,-0.0451647624172,-0.096645675522,0.0,475.0586615826879,475.7788766241303,476.60369120095294,473.28540324815583
3.900000000000003,0.296133012428,4.13282722879,23.2044391419,0.267235948583,6.19458702679,0.0,0.745912198425,3.78903682858,5.25988257301,-0.0610810893027,-0.0834170829685,0.0,434.5485577627523,435.64893009673136,434.88533563122803,433.548108926466
3.960000000000003,0.342489650257,4.36470451866,23.5197056771,0.269778578971,6.19066832424,0.0,0.799622073564,3.94026471203,5.24872853699,-0.0896007483368,-0.0960980491305,0.0,445.05488956397954,444.0091573577858,443.93418966418903,441.58341035638426
4.020000000000002,0.392175907649,4.60578651902,23.8348134929,0.26444273833,6.19013521251,0.0,0.856585968992,4.0951072711,5.25482957605,-0.0933044935875,-0.122386045208,0.0,450.2152393771745,448.07323255855346,450.26665043998975,449.96004552017007
4.080000000000001,0.445089688481,4.85546764533,24.1480557779,0.274954602029,6.18367324532,0.0,0.907708912119,4.22827451623,5.18634624778,-0.0505202519305,-0.133939909095,0.0,426.30413078301814,425.30019064606165,422.86053890726106,426.5256292342393
4.14,0.501079607127,5.11301739198,24.4563025107,0.276651784667,6.17989149013,0.0,0.958944377139,4.35673948619,5.08878028646,-0.0278699458901,-0.112513360554,0.0,412.9171481870406,414.78755670588896,416.07176935711544,418.04937414624993
4.199999999999998,0.560298077824,5.37849553765,24.7595232829,0.275352910506,6.17317947023,0.0,1.01554684344,4.49227686639,5.01873511968,-0.0222701329746,-0.116183020376,0.0,423.9092430118753,423.5814999292706,424.9940872489553,425.4737273812275
4.259999999999997,0.623289802969,5.65270768801,25.0608588191,0.276244205289,6.16620360121,0.0,1.08477334129,4.64791898597,5.02543048186,-0.00707687466084,-0.116458963947,0.0,449.2916150567377,449.2572985022513,450.0508399996955,451.27921689991314
4.319999999999996,0.690708307974,5.93661392415,25.3639340674,0.275850285393,6.16443827765,0.0,1.16258248616,4.81524616486,5.07658902839,-0.00601343172996,-0.142721846263,0.0,466.17684875298335,464.10615473965294,464.6948219727864,464.7783031924223
4.379999999999995,0.7634338235,6.23207127264,25.6755671834,0.276532493958,6.17793112132,0.0,1.25961844301,5.03286915696,5.30985683716,-0.0184651618027,-0.195383354605,0.0,522.138199099033,518.4300703055734,520.4004298640308,519.5280898254158
4.439999999999993,0.841085988716,6.53887861535,25.9952844392,0.275642708925,6.16710719907,0.0,1.32977729424,5.1935942691,5.34685322417,-0.0249202404087,-0.186128433544,0.0,464.57300306655935,465.264042851475,464.2641525174789,463.7573204288304
4.499999999999992,0.922164566986,6.8529967588,26.309185411,0.275096218223,6.15796243574,0.0,1.37347684494,5.27706321368,5.11755472942,-0.0368575653171,-0.171702896323,0.0,371.40423950444847,372.77810561495744,372.7014455957986,371.53207767621353
4.559999999999991,1.00710470785,7.17448908466,26.6179019889,0.274405147618,6.14782858469,0.0,1.45876945439,5.43885630408,5.17235716561,-0.0244972493714,-0.177556096321,0.0,468.41814415171115,467.93531370969856,469.5217072041848,470.47952860573315
4.6199999999999894,1.09710724274,7.50513040267,26.9281178502,0.274618977317,6.13843476708,0.0,1.54211608011,5.58223447798,5.16781842407,-0.0399620286473,-0.166404592851,0.0,450.8453749213378,451.71715852180523,452.39510141503456,451.14759106810425
4.679999999999988,1.19256021816,7.84492204459,27.2400960676,0.27830036151,6.13799896565,0.0,1.63959312388,5.74414891295,5.23065509537,-0.0681980799796,-0.133734423689,0.0,472.35569794797647,474.8477481443776,475.0385477138444,472.86650250498883
4.739999999999987,1.2938824615,8.19441704583,27.5557793036,0.275056964358,6.1305467912,0.0,1.73845640502,5.90492440529,5.29154618239,-0.0795601838884,-0.126564562246,0.0,475.15874200295605,475.69361074443106,474.28298572284893,473.4056707337492
4.799999999999986,1.40067983145,8.55238162038,27.8713792192,0.271545847152,6.12308261622,0.0,1.82206566464,6.02671742975,5.22863124776,-0.0931276187103,-0.123641572491,0.0,435.2520653000109,435.48198590618256,436.52467745513485,435.384777848588
4.859999999999984,1.5124783041,8.9173248196,28.1824290662,0.268751137163,6.11608173683,0.0,1.90511821692,6.13766150422,5.14000058041,-0.112674781821,-0.117662138311,0.0,425.9935110878406,426.49059022313963,427.4900506513213,425.81164145056573
4.919999999999983,1.63023372557,9.29017700717,28.4931508655,0.26201519375,6.11136836333,0.0,2.02042732499,6.28958839042,5.21695033755,-0.111780998441,-0.102040132089,0.0,479.73424150614665,480.9090460736273,478.8904502828743,478.94823217615436
4.979999999999982,1.7543807193,9.67102829106,28.8050863295,0.255643507727,6.10586692046,0.0,2.11824891444,6.40462673437,5.18109520435,-0.106527053396,-0.111956160523,0.0,444.405038077645,443.5815575395481,444.8480409136025,445.26749827001197
5.0399999999999805,1.88452923515,10.058669676,29.1151150529,0.249531792988,6.09990334532,0.0,2.22052821363,6.51592719362,5.15331878547,-0.101809058587,-0.103570570962,0.0,446.7671497140395,447.4400927657259,446.3058395643575,446.6812911245509
